dim 80 80 80
putEllipsoid 40 60 20 10 7 5 1.0 0 0 0
putBox 44 45 59 64 24 25 0 0 0 0
putBox 41 44 59 60 24 25 0 0 0 0
putBox 41 44 62 63 24 25 0 0 0 0
putBox 41 42 59 62 24 25 0 0 0 0
putBox 35 36 59 64 24 25 0 0 0 0
putBox 36 39 59 60 24 25 0 0 0 0
putBox 36 39 62 63 24 25 0 0 0 0
putBox 38 39 59 62 24 25 0 0 0 0
putBox 36 38 60 62 24 25 1.0 1.0 1.0 0
putBox 42 44 60 62 24 25 1.0 1.0 1.0 0
putBox 30 50 32 53 15 25 1.0 0 0 0
putBox 30 50 32 36 15 25 0 0 1.0 0
putBox 30 32 37 48 15 25 0 0 1.0 0
putBox 48 50 37 48 15 25 0 0 1.0 0
putBox 32 34 37 45 15 25 0 0 1.0 0
putBox 46 48 37 45 15 25 0 0 1.0 0
putBox 34 36 37 42 15 25 0 0 1.0 0
putBox 44 46 37 42 15 25 0 0 1.0 0
putBox 39 42 45 48 24 25 0 0 0 0
putBox 40 41 43 50 24 25 0 0 0 0
putVoxel 37 49 24 0 0 0 0
putVoxel 38 48 24 0 0 0 0
putVoxel 43 49 24 0 0 0 0
putVoxel 42 48 24 0 0 0 0
putVoxel 37 43 24 0 0 0 0
putVoxel 38 44 24 0 0 0 0
putVoxel 43 43 24 0 0 0 0
putVoxel 42 44 24 0 0 0 0
putBox 37 44 46 47 24 25 0 0 0 0
putBox 25 30 35 52 17 23 0 0 1.0 0
putBox 50 55 35 52 17 23 0 0 1.0 0
putBox 25 30 48 52 17 23 1.0 0 0 0
putBox 50 55 48 52 17 23 1.0 0 0 0
putBox 25 30 35 37 17 23 1.0 0 0 0
putBox 50 55 35 37 17 23 1.0 0 0 0
putBox 32 37 20 32 17 23 0 0 1.0 0
putBox 43 48 20 32 17 23 0 0 1.0 0
putBox 32 37 20 24 17 23 1.0 0 0 0
putBox 43 48 20 24 17 23 1.0 0 0 0
